0.00125	1	0	1	2.5
0.00375	1	0	1	2.5
0.00625	1	0	1	2.5
0.00875	1	0	1	2.5
0.01125	1	0	1	2.5
0.01375	1	0	1	2.5
0.01625	1	0	1	2.5
0.01875	1	0	1	2.5
0.02125	1	0	1	2.5
0.02375	1	0	1	2.5
0.02625	1	0	1	2.5
0.02875	1	0	1	2.5
0.03125	1	0	1	2.5
0.03375	1	0	1	2.5
0.03625	1	0	1	2.5
0.03875	1	0	1	2.5
0.04125	1	0	1	2.5
0.04375	1	0	1	2.5
0.04625	1	0	1	2.5
0.04875	1	0	1	2.5
0.05125	1	0	1	2.5
0.05375	1	0	1	2.5
0.05625	1	0	1	2.5
0.05875	1	0	1	2.5
0.06125	1	0	1	2.5
0.06375	1	0	1	2.5
0.06625	1	0	1	2.5
0.06875	1	0	1	2.5
0.07125	1	0	1	2.5
0.07375	1	0	1	2.5
0.07625	1	0	1	2.5
0.07875	1	0	1	2.5
0.08125	1	0	1	2.5
0.08375	1	0	1	2.5
0.08625	1	0	1	2.5
0.08875	1	0	1	2.5
0.09125	1	0	1	2.5
0.09375	1	0	1	2.5
0.09625	1	0	1	2.5
0.09875	1	0	1	2.5
0.10125	1	0	1	2.5
0.10375	1	0	1	2.5
0.10625	1	0	1	2.5
0.10875	1	0	1	2.5
0.11125	1	0	1	2.5
0.11375	1	0	1	2.5
0.11625	1	0	1	2.5
0.11875	1	0	1	2.5
0.12125	1	0	1	2.5
0.12375	1	0	1	2.5
0.12625	1	0	1	2.5
0.12875	1	0	1	2.5
0.13125	1	0	1	2.5
0.13375	1	0	1	2.5
0.13625	1	0	1	2.5
0.13875	1	0	1	2.5
0.14125	1	0	1	2.5
0.14375	1	0	1	2.5
0.14625	1	0	1	2.5
0.14875	1	0	1	2.5
0.15125	1	0	1	2.5
0.15375	1	0	1	2.5
0.15625	1	0	1	2.5
0.15875	1	0	1	2.5
0.16125	1	0	1	2.5
0.16375	1	0	1	2.5
0.16625	1	0	1	2.5
0.16875	1	0	1	2.5
0.17125	1	0	1	2.5
0.17375	1	0	1	2.5
0.17625	1	0	1	2.5
0.17875	1	0	1	2.5
0.18125	1	0	1	2.5
0.18375	1	0	1	2.5
0.18625	1	0	1	2.5
0.18875	1	0	1	2.5
0.19125	1	0	1	2.5
0.19375	1	0	1	2.5
0.19625	1	0	1	2.5
0.19875	1	0	1	2.5
0.20125	1	0	1	2.5
0.20375	1	0	1	2.5
0.20625	1	0	1	2.5
0.20875	1	0	1	2.5
0.21125	1	0	1	2.5
0.21375	1	0	1	2.5
0.21625	1	0	1	2.5
0.21875	1	0	1	2.5
0.22125	1	0	1	2.5
0.22375	1	0	1	2.5
0.22625	1	0	1	2.5
0.22875	1	0	1	2.5
0.23125	1	0	1	2.5
0.23375	1	0	1	2.5
0.23625	1	0	1	2.5
0.23875	1	0	1	2.5
0.24125	1	0	1	2.5
0.24375	1	0	1	2.5
0.24625	1	0	1	2.5
0.24875	1	0	1	2.5
0.25125	1	0	1	2.5
0.25375	1	0	1	2.5
0.25625	1	0	1	2.5
0.25875	1	0	1	2.5
0.26125	1	0	1	2.5
0.26375	1	0	1	2.5
0.26625	1	0	1	2.5
0.26875	1	0	1	2.5
0.27125	1	0	1	2.5
0.27375	1	0	1	2.5
0.27625	1	0	1	2.5
0.27875	1	0	1	2.5
0.28125	1	0	1	2.5
0.28375	1	0	1	2.5
0.28625	1	0	1	2.5
0.28875	1	0	1	2.5
0.29125	1	0	1	2.5
0.29375	1	0	1	2.5
0.29625	1	1.97559e-16	1	2.5
0.29875	1	1.38435e-15	1	2.5
0.30125	1	6.99841e-15	1	2.5
0.30375	1	3.44389e-14	1	2.5
0.30625	1	1.61311e-13	1	2.5
0.30875	1	7.22423e-13	1	2.5
0.31125	1	3.09373e-12	1	2.5
0.31375	1	1.26779e-11	1	2.5
0.31625	1	4.97477e-11	1	2.5
0.31875	1	1.86977e-10	1	2.5
0.32125	1	6.73302e-10	1	2.5
0.32375	1	2.32346e-09	1	2.5
0.32625	1	7.68493e-09	1	2.5
0.32875	1	2.43656e-08	1	2.5
0.33125	1	7.40585e-08	1	2.5
0.33375	1	2.15794e-07	1	2.5
0.33625	0.999999	6.02767e-07	0.999999	2.5
0.33875	0.999999	1.61385e-06	0.999998	2.5
0.34125	0.999997	4.14104e-06	0.999995	2.5
0.34375	0.999991	1.01811e-05	0.999988	2.49999
0.34625	0.99998	2.39766e-05	0.999972	2.49998
0.34875	0.999954	5.40688e-05	0.999936	2.49995
0.35125	0.999901	0.000116708	0.999862	2.4999
0.35375	0.999796	0.000241025	0.999715	2.4998
0.35625	0.999598	0.000476056	0.999437	2.4996
0.35875	0.999241	0.000898954	0.998937	2.49924
0.36125	0.99863	0.00162262	0.998082	2.49863
0.36375	0.997636	0.00279974	0.996693	2.49764
0.36625	0.996103	0.00461978	0.994549	2.4961
0.36875	0.993851	0.00729642	0.991404	2.49385
0.37125	0.990704	0.0110457	0.987014	2.49069
0.37375	0.98651	0.016059	0.981173	2.48648
0.37625	0.981162	0.0224778	0.973741	2.48109
0.37875	0.974616	0.0303768	0.964665	2.47448
0.38125	0.966886	0.0397595	0.953983	2.46664
0.38375	0.958047	0.050566	0.941809	2.45763
0.38625	0.948211	0.0626894	0.928314	2.44754
0.38875	0.93751	0.0759939	0.9137	2.43651
0.39125	0.926088	0.0903332	0.898172	2.42464
0.39375	0.91408	0.105563	0.881931	2.41207
0.39625	0.901609	0.121551	0.865154	2.39892
0.39875	0.888785	0.13818	0.847998	2.38527
0.40125	0.875699	0.155349	0.830593	2.37123
0.40375	0.862426	0.172973	0.813046	2.35686
0.40625	0.849031	0.190983	0.795445	2.34221
0.40875	0.835564	0.209323	0.777861	2.32735
0.41125	0.822066	0.227945	0.760348	2.31231
0.41375	0.808569	0.246811	0.742952	2.29712
0.41625	0.795102	0.265892	0.725707	2.28181
0.41875	0.781685	0.285163	0.708642	2.26639
0.42125	0.768335	0.304603	0.691777	2.2509
0.42375	0.755067	0.324197	0.675129	2.23533
0.42625	0.74189	0.343932	0.658711	2.21971
0.42875	0.728814	0.363799	0.642531	2.20403
0.43125	0.715844	0.38379	0.626597	2.18831
0.43375	0.702986	0.403901	0.610912	2.17256
0.43625	0.690243	0.424129	0.595478	2.15677
0.43875	0.677617	0.444472	0.580296	2.14094
0.44125	0.665107	0.464934	0.565363	2.12508
0.44375	0.652712	0.485519	0.550677	2.10919
0.44625	0.640429	0.506236	0.536231	2.09325
0.44875	0.628251	0.5271	0.522015	2.07725
0.45125	0.616166	0.548138	0.508015	2.06119
0.45375	0.604154	0.569393	0.494206	2.04503
0.45625	0.592177	0.590953	0.480544	2.02872
0.45875	0.580152	0.613017	0.466937	2.01213
0.46125	0.567848	0.636237	0.453131	1.99495
0.46375	0.55412	0.663684	0.437868	1.97551
0.46625	0.535388	0.700803	0.417268	1.94844
0.46875	0.514174	0.742084	0.394284	1.91707
0.47125	0.496472	0.77692	0.375405	1.89036
0.47375	0.483399	0.803576	0.361645	1.87033
0.47625	0.472745	0.82607	0.350548	1.85379
0.47875	0.463005	0.847106	0.340491	1.83848
0.48125	0.45373	0.867476	0.330995	1.82374
0.48375	0.444829	0.887333	0.321957	1.80944
0.48625	0.436297	0.906659	0.313361	1.79557
0.48875	0.42816	0.925346	0.305227	1.7822
0.49125	0.420487	0.943172	0.297613	1.76945
0.49375	0.413407	0.959754	0.290636	1.75757
0.49625	0.407135	0.974469	0.284496	1.74694
0.49875	0.402017	0.98635	0.279513	1.73819
0.50125	0.398556	0.994016	0.276162	1.73226
0.50375	0.397396	0.995799	0.27505	1.73033
0.50625	0.399129	0.99036	0.27675	1.73346
0.50875	0.403842	0.977961	0.281361	1.74178
0.51125	0.410533	0.961621	0.287938	1.75344
0.51375	0.417176	0.946282	0.294512	1.76491
0.51625	0.421971	0.935655	0.299295	1.7732
0.51875	0.424537	0.930099	0.301887	1.77774
0.52125	0.425568	0.927868	0.302965	1.77977
0.52375	0.425835	0.92723	0.303298	1.78061
0.52625	0.425795	0.9272	0.303345	1.78105
0.52875	0.425643	0.927356	0.303308	1.78147
0.53125	0.425445	0.927554	0.303259	1.78201
0.53375	0.425212	0.927755	0.303221	1.78277
0.53625	0.424934	0.927958	0.303197	1.78379
0.53875	0.424594	0.928169	0.303185	1.78515
0.54125	0.424172	0.928397	0.303184	1.78692
0.54375	0.423646	0.928651	0.303195	1.7892
0.54625	0.422992	0.928943	0.303218	1.79211
0.54875	0.42218	0.92928	0.303254	1.79577
0.55125	0.421178	0.929668	0.303304	1.80033
0.55375	0.419952	0.930114	0.303366	1.80595
0.55625	0.418464	0.930625	0.303439	1.81282
0.55875	0.416676	0.931204	0.303526	1.82112
0.56125	0.414554	0.931848	0.303629	1.83106
0.56375	0.412065	0.932554	0.30375	1.84286
0.56625	0.409173	0.933325	0.303886	1.85671
0.56875	0.405847	0.93416	0.304031	1.87282
0.57125	0.402068	0.935047	0.304185	1.89138
0.57375	0.39783	0.935959	0.304352	1.91258
0.57625	0.393134	0.936877	0.304533	1.93657
0.57875	0.387986	0.937796	0.30472	1.96347
0.58125	0.382402	0.938709	0.304902	1.99333
0.58375	0.376417	0.939586	0.305075	2.02618
0.58625	0.370088	0.940378	0.305247	2.06199
0.58875	0.363473	0.941058	0.305413	2.10066
0.59125	0.356635	0.941622	0.305563	2.14199
0.59375	0.349642	0.942067	0.305685	2.1857
0.59625	0.342573	0.942373	0.305769	2.23142
0.59875	0.335525	0.942483	0.305831	2.27875
0.60125	0.328584	0.942383	0.305871	2.32719
0.60375	0.321817	0.942108	0.305868	2.3761
0.60625	0.315305	0.94165	0.30583	2.42488
0.60875	0.309103	0.941063	0.305741	2.47281
0.61125	0.303279	0.940315	0.305615	2.51926
0.61375	0.297906	0.939371	0.305494	2.56369
0.61625	0.292973	0.938387	0.305321	2.60537
0.61875	0.288526	0.937306	0.305135	2.64392
0.62125	0.284575	0.936192	0.304947	2.67897
0.62375	0.281073	0.935176	0.304698	2.71014
0.62625	0.278087	0.934032	0.30452	2.73764
0.62875	0.275539	0.933017	0.304339	2.76131
0.63125	0.273367	0.932177	0.304113	2.78118
0.63375	0.271629	0.931244	0.303997	2.7979
0.63625	0.270166	0.930625	0.303809	2.81132
0.63875	0.268995	0.93001	0.303644	2.82203
0.64125	0.268143	0.929276	0.303616	2.83072
0.64375	0.26739	0.929005	0.303436	2.83702
0.64625	0.266866	0.928613	0.303371	2.84198
0.64875	0.266533	0.928356	0.303411	2.8459
0.65125	0.266172	0.928436	0.303251	2.84826
0.65375	0.265975	0.927763	0.303233	2.85021
0.65625	0.26588	0.928072	0.303293	2.85178
0.65875	0.266075	0.929896	0.303742	2.85391
0.66125	0.265999	0.927247	0.303726	2.85457
0.66375	0.263677	0.918074	0.300094	2.84528
0.66625	0.263915	0.928707	0.3004	2.84562
0.66875	0.275761	0.976206	0.319894	2.90009
0.67125	0.272076	0.914463	0.313239	2.87823
0.67375	0.207135	0.581535	0.216294	2.61054
0.67625	0.143656	0.152098	0.123331	2.14629
0.67875	0.126686	0.0141579	0.101909	2.01107
0.68125	0.125112	0.000944032	0.100125	2.00072
0.68375	0.125007	6.08621e-05	0.100008	2.00005
0.68625	0.125	3.91572e-06	0.100001	2
0.68875	0.125	2.51989e-07	0.1	2
0.69125	0.125	1.62254e-08	0.1	2
0.69375	0.125	1.04541e-09	0.1	2
0.69625	0.125	6.73959e-11	0.1	2
0.69875	0.125	4.34676e-12	0.1	2
0.70125	0.125	2.80255e-13	0.1	2
0.70375	0.125	1.80502e-14	0.1	2
0.70625	0.125	1.1481e-15	0.1	2
0.70875	0.125	0	0.1	2
0.71125	0.125	0	0.1	2
0.71375	0.125	0	0.1	2
0.71625	0.125	0	0.1	2
0.71875	0.125	0	0.1	2
0.72125	0.125	0	0.1	2
0.72375	0.125	0	0.1	2
0.72625	0.125	0	0.1	2
0.72875	0.125	0	0.1	2
0.73125	0.125	0	0.1	2
0.73375	0.125	0	0.1	2
0.73625	0.125	0	0.1	2
0.73875	0.125	0	0.1	2
0.74125	0.125	0	0.1	2
0.74375	0.125	0	0.1	2
0.74625	0.125	0	0.1	2
0.74875	0.125	0	0.1	2
0.75125	0.125	0	0.1	2
0.75375	0.125	0	0.1	2
0.75625	0.125	0	0.1	2
0.75875	0.125	0	0.1	2
0.76125	0.125	0	0.1	2
0.76375	0.125	0	0.1	2
0.76625	0.125	0	0.1	2
0.76875	0.125	0	0.1	2
0.77125	0.125	0	0.1	2
0.77375	0.125	0	0.1	2
0.77625	0.125	0	0.1	2
0.77875	0.125	0	0.1	2
0.78125	0.125	0	0.1	2
0.78375	0.125	0	0.1	2
0.78625	0.125	0	0.1	2
0.78875	0.125	0	0.1	2
0.79125	0.125	0	0.1	2
0.79375	0.125	0	0.1	2
0.79625	0.125	0	0.1	2
0.79875	0.125	0	0.1	2
0.80125	0.125	0	0.1	2
0.80375	0.125	0	0.1	2
0.80625	0.125	0	0.1	2
0.80875	0.125	0	0.1	2
0.81125	0.125	0	0.1	2
0.81375	0.125	0	0.1	2
0.81625	0.125	0	0.1	2
0.81875	0.125	0	0.1	2
0.82125	0.125	0	0.1	2
0.82375	0.125	0	0.1	2
0.82625	0.125	0	0.1	2
0.82875	0.125	0	0.1	2
0.83125	0.125	0	0.1	2
0.83375	0.125	0	0.1	2
0.83625	0.125	0	0.1	2
0.83875	0.125	0	0.1	2
0.84125	0.125	0	0.1	2
0.84375	0.125	0	0.1	2
0.84625	0.125	0	0.1	2
0.84875	0.125	0	0.1	2
0.85125	0.125	0	0.1	2
0.85375	0.125	0	0.1	2
0.85625	0.125	0	0.1	2
0.85875	0.125	0	0.1	2
0.86125	0.125	0	0.1	2
0.86375	0.125	0	0.1	2
0.86625	0.125	0	0.1	2
0.86875	0.125	0	0.1	2
0.87125	0.125	0	0.1	2
0.87375	0.125	0	0.1	2
0.87625	0.125	0	0.1	2
0.87875	0.125	0	0.1	2
0.88125	0.125	0	0.1	2
0.88375	0.125	0	0.1	2
0.88625	0.125	0	0.1	2
0.88875	0.125	0	0.1	2
0.89125	0.125	0	0.1	2
0.89375	0.125	0	0.1	2
0.89625	0.125	0	0.1	2
0.89875	0.125	0	0.1	2
0.90125	0.125	0	0.1	2
0.90375	0.125	0	0.1	2
0.90625	0.125	0	0.1	2
0.90875	0.125	0	0.1	2
0.91125	0.125	0	0.1	2
0.91375	0.125	0	0.1	2
0.91625	0.125	0	0.1	2
0.91875	0.125	0	0.1	2
0.92125	0.125	0	0.1	2
0.92375	0.125	0	0.1	2
0.92625	0.125	0	0.1	2
0.92875	0.125	0	0.1	2
0.93125	0.125	0	0.1	2
0.93375	0.125	0	0.1	2
0.93625	0.125	0	0.1	2
0.93875	0.125	0	0.1	2
0.94125	0.125	0	0.1	2
0.94375	0.125	0	0.1	2
0.94625	0.125	0	0.1	2
0.94875	0.125	0	0.1	2
0.95125	0.125	0	0.1	2
0.95375	0.125	0	0.1	2
0.95625	0.125	0	0.1	2
0.95875	0.125	0	0.1	2
0.96125	0.125	0	0.1	2
0.96375	0.125	0	0.1	2
0.96625	0.125	0	0.1	2
0.96875	0.125	0	0.1	2
0.97125	0.125	0	0.1	2
0.97375	0.125	0	0.1	2
0.97625	0.125	0	0.1	2
0.97875	0.125	0	0.1	2
0.98125	0.125	0	0.1	2
0.98375	0.125	0	0.1	2
0.98625	0.125	0	0.1	2
0.98875	0.125	0	0.1	2
0.99125	0.125	0	0.1	2
0.99375	0.125	0	0.1	2
0.99625	0.125	0	0.1	2
0.99875	0.125	0	0.1	2
