0.00125 1 0 1 2.5
0.00375 1 0 1 2.5
0.00625 1 0 1 2.5
0.00875 1 0 1 2.5
0.01125 1 0 1 2.5
0.01375 1 0 1 2.5
0.01625 1 0 1 2.5
0.01875 1 0 1 2.5
0.02125 1 0 1 2.5
0.02375 1 0 1 2.5
0.02625 1 0 1 2.5
0.02875 1 0 1 2.5
0.03125 1 0 1 2.5
0.03375 1 0 1 2.5
0.03625 1 0 1 2.5
0.03875 1 0 1 2.5
0.04125 1 0 1 2.5
0.04375 1 0 1 2.5
0.04625 1 0 1 2.5
0.04875 1 0 1 2.5
0.05125 1 0 1 2.5
0.05375 1 0 1 2.5
0.05625 1 0 1 2.5
0.05875 1 0 1 2.5
0.06125 1 0 1 2.5
0.06375 1 0 1 2.5
0.06625 1 0 1 2.5
0.06875 1 0 1 2.5
0.07125 1 0 1 2.5
0.07375 1 0 1 2.5
0.07625 1 0 1 2.5
0.07875 1 0 1 2.5
0.08125 1 0 1 2.5
0.08375 1 0 1 2.5
0.08625 1 0 1 2.5
0.08875 1 0 1 2.5
0.09125 1 0 1 2.5
0.09375 1 0 1 2.5
0.09625 1 0 1 2.5
0.09875 1 0 1 2.5
0.10125 1 0 1 2.5
0.10375 1 0 1 2.5
0.10625 1 0 1 2.5
0.10875 1 0 1 2.5
0.11125 1 0 1 2.5
0.11375 1 0 1 2.5
0.11625 1 0 1 2.5
0.11875 1 0 1 2.5
0.12125 1 0 1 2.5
0.12375 1 0 1 2.5
0.12625 1 0 1 2.5
0.12875 1 0 1 2.5
0.13125 1 0 1 2.5
0.13375 1 0 1 2.5
0.13625 1 0 1 2.5
0.13875 1 0 1 2.5
0.14125 1 0 1 2.5
0.14375 1 0 1 2.5
0.14625 1 0 1 2.5
0.14875 1 0 1 2.5
0.15125 1 0 1 2.5
0.15375 1 0 1 2.5
0.15625 1 0 1 2.5
0.15875 1 0 1 2.5
0.16125 1 0 1 2.5
0.16375 1 0 1 2.5
0.16625 1 0 1 2.5
0.16875 1 0 1 2.5
0.17125 1 0 1 2.5
0.17375 1 0 1 2.5
0.17625 1 0 1 2.5
0.17875 1 0 1 2.5
0.18125 1 0 1 2.5
0.18375 1 0 1 2.5
0.18625 1 0 1 2.5
0.18875 1 0 1 2.5
0.19125 1 0 1 2.5
0.19375 1 0 1 2.5
0.19625 1 0 1 2.5
0.19875 1 0 1 2.5
0.20125 1 0 1 2.5
0.20375 1 0 1 2.5
0.20625 1 0 1 2.5
0.20875 1 0 1 2.5
0.21125 1 0 1 2.5
0.21375 1 0 1 2.5
0.21625 1 0 1 2.5
0.21875 1 0 1 2.5
0.22125 1 0 1 2.5
0.22375 1 0 1 2.5
0.22625 1 0 1 2.5
0.22875 1 0 1 2.5
0.23125 1 0 1 2.5
0.23375 1 0 1 2.5
0.23625 1 0 1 2.5
0.23875 1 8.18288e-55 1 2.5
0.24125 1 1.61806e-51 1 2.5
0.24375 1 2.35545e-48 1 2.5
0.24625 1 1.15939e-45 1 2.5
0.24875 1 4.72016e-43 1 2.5
0.25125 1 8.22383e-41 1 2.5
0.25375 1 1.91869e-38 1 2.5
0.25625 1 2.83238e-36 1 2.5
0.25875 1 3.0622e-34 1 2.5
0.26125 1 2.83531e-32 1 2.5
0.26375 1 5.44467e-30 1 2.5
0.26625 1 6.32062e-28 1 2.5
0.26875 1 5.78492e-26 1 2.5
0.27125 1 4.92847e-24 1 2.5
0.27375 1 4.12696e-22 1 2.5
0.27625 1 3.42887e-20 1 2.5
0.27875 1 2.8552e-18 1 2.5
0.28125 1 8.78786e-17 1 2.5
0.28375 1 6.60998e-16 1 2.5
0.28625 1 3.75123e-15 1 2.5
0.28875 1 1.96856e-14 1 2.5
0.29125 1 9.71739e-14 1 2.5
0.29375 1 4.51813e-13 1 2.5
0.29625 1 1.98545e-12 1 2.5
0.29875 1 8.26175e-12 1 2.5
0.30125 1 3.26022e-11 1 2.5
0.30375 1 1.22182e-10 1 2.5
0.30625 1 4.3544e-10 1 2.5
0.30875 1 1.47754e-09 1 2.5
0.31125 1 4.77885e-09 1 2.5
0.31375 1 1.47478e-08 1 2.5
0.31625 1 4.34674e-08 1 2.5
0.31875 1 1.22464e-07 1 2.5
0.32125 1 3.3007e-07 1 2.5
0.32375 0.999999 8.51691e-07 0.999999 2.5
0.32625 0.999998 2.10538e-06 0.999998 2.5
0.32875 0.999996 4.98911e-06 0.999994 2.5
0.33125 0.99999 1.134e-05 0.999987 2.49999
0.33375 0.999979 2.47363e-05 0.999971 2.49998
0.33625 0.999956 5.18092e-05 0.999939 2.49996
0.33875 0.999912 0.00010424 0.999877 2.49991
0.34125 0.99983 0.00020157 0.999762 2.49983
0.34375 0.999683 0.000374788 0.999557 2.49968
0.34625 0.999434 0.000670398 0.999207 2.49943
0.34875 0.999025 0.0011543 0.998635 2.49902
0.35125 0.998383 0.00191444 0.997737 2.49838
0.35375 0.997416 0.00306096 0.996384 2.49741
0.35625 0.996015 0.0047229 0.994425 2.49601
0.35875 0.994065 0.00704093 0.991699 2.49405
0.36125 0.991448 0.0101568 0.988044 2.49142
0.36375 0.98806 0.0142011 0.983317 2.488
0.36625 0.983817 0.0192817 0.977406 2.48371
0.36875 0.978665 0.025475 0.970241 2.47848
0.37125 0.972583 0.0328214 0.961801 2.47228
0.37375 0.965581 0.0413252 0.952108 2.46512
0.37625 0.957697 0.0509588 0.941228 2.45701
0.37875 0.948993 0.0616688 0.929257 2.44801
0.38125 0.939545 0.0733836 0.91631 2.43818
0.38375 0.929436 0.0860207 0.902517 2.42759
0.38625 0.918755 0.0994928 0.888008 2.41633
0.38875 0.907586 0.113713 0.872908 2.40448
0.39125 0.896011 0.128597 0.857339 2.3921
0.39375 0.884103 0.144067 0.841407 2.37927
0.39625 0.871929 0.160053 0.82521 2.36605
0.39875 0.859549 0.17649 0.808833 2.35249
0.40125 0.847015 0.193323 0.792351 2.33866
0.40375 0.834371 0.210502 0.775825 2.32458
0.40625 0.821657 0.227983 0.759311 2.31031
0.40875 0.808905 0.245729 0.742855 2.29586
0.41125 0.796145 0.263708 0.726493 2.28128
0.41375 0.783401 0.281892 0.71026 2.26659
0.41625 0.770693 0.300255 0.694181 2.25181
0.41875 0.758039 0.318777 0.678278 2.23695
0.42125 0.745455 0.337439 0.662571 2.22204
0.42375 0.732952 0.356224 0.647074 2.20708
0.42625 0.720543 0.37512 0.6318 2.1921
0.42875 0.708236 0.394111 0.616759 2.1771
0.43125 0.696039 0.413189 0.601959 2.16209
0.43375 0.683961 0.432341 0.587407 2.14708
0.43625 0.672007 0.451558 0.573109 2.13208
0.43875 0.660182 0.470832 0.559068 2.1171
0.44125 0.648491 0.490153 0.545288 2.10214
0.44375 0.636939 0.509513 0.531773 2.08722
0.44625 0.625531 0.528904 0.518524 2.07233
0.44875 0.614271 0.548317 0.505543 2.05749
0.45125 0.603162 0.567742 0.492833 2.04271
0.45375 0.59221 0.587169 0.480396 2.02798
0.45625 0.581418 0.606587 0.468234 2.01333
0.45875 0.570793 0.625982 0.45635 1.99875
0.46125 0.560341 0.645339 0.444747 1.98427
0.46375 0.550069 0.664639 0.43343 1.96989
0.46625 0.539985 0.683861 0.422406 1.95564
0.46875 0.530101 0.702975 0.411681 1.94152
0.47125 0.520431 0.721949 0.401266 1.92757
0.47375 0.510992 0.740736 0.391177 1.91381
0.47625 0.501807 0.759281 0.381432 1.90029
0.47875 0.492906 0.777509 0.372057 1.88706
0.48125 0.484328 0.795321 0.363087 1.87418
0.48375 0.476125 0.812588 0.35457 1.86175
0.48625 0.468369 0.829134 0.34657 1.84988
0.48875 0.46115 0.844729 0.339172 1.83873
0.49125 0.454588 0.859076 0.332486 1.8285
0.49375 0.448825 0.871813 0.326647 1.81946
0.49625 0.444011 0.882549 0.321793 1.81185
0.49875 0.440259 0.890976 0.318026 1.80591
0.50125 0.437569 0.897035 0.315339 1.80165
0.50375 0.435784 0.901048 0.313567 1.79887
0.50625 0.434632 0.903614 0.312434 1.79712
0.50875 0.433861 0.905303 0.311687 1.796
0.51125 0.433314 0.906476 0.311165 1.79526
0.51375 0.432905 0.907322 0.310785 1.79476
0.51625 0.43259 0.90795 0.3105 1.79442
0.51875 0.432338 0.908427 0.31028 1.7942
0.52125 0.43213 0.908794 0.310108 1.79407
0.52375 0.431955 0.909079 0.309971 1.794
0.52625 0.431803 0.909303 0.30986 1.79399
0.52875 0.431669 0.90948 0.309769 1.79402
0.53125 0.431546 0.90962 0.309694 1.7941
0.53375 0.431432 0.90973 0.309631 1.7942
0.53625 0.431324 0.909818 0.309578 1.79435
0.53875 0.431217 0.909888 0.309532 1.79452
0.54125 0.431111 0.909942 0.309492 1.79473
0.54375 0.431002 0.909985 0.309456 1.79498
0.54625 0.430887 0.910018 0.309425 1.79528
0.54875 0.430761 0.910042 0.309397 1.79564
0.55125 0.430612 0.910058 0.309371 1.79611
0.55375 0.430424 0.910069 0.309347 1.79676
0.55625 0.430166 0.910074 0.309325 1.79771
0.55875 0.429785 0.910074 0.309305 1.79918
0.56125 0.429202 0.91007 0.309285 1.80151
0.56375 0.428299 0.910063 0.309266 1.8052
0.56625 0.426918 0.910053 0.309248 1.81094
0.56875 0.424862 0.910039 0.309231 1.8196
0.57125 0.421905 0.910023 0.309214 1.83224
0.57375 0.417821 0.910005 0.309197 1.85005
0.57625 0.412412 0.909984 0.30918 1.87422
0.57875 0.405553 0.909961 0.309164 1.90582
0.58125 0.397231 0.909937 0.309148 1.94564
0.58375 0.387566 0.90991 0.309132 1.99406
0.58625 0.376825 0.909882 0.309116 2.05079
0.58875 0.365396 0.909851 0.309101 2.11483
0.59125 0.353748 0.90982 0.309086 2.18436
0.59375 0.342374 0.909786 0.30907 2.25682
0.59625 0.331728 0.909751 0.309055 2.32913
0.59875 0.322175 0.909714 0.30904 2.39808
0.60125 0.31395 0.909675 0.309025 2.46078
0.60375 0.307157 0.909634 0.309009 2.51508
0.60625 0.301769 0.909591 0.308993 2.55985
0.60875 0.297666 0.909546 0.308977 2.595
0.61125 0.294664 0.909499 0.30896 2.62129
0.61375 0.292552 0.90945 0.308943 2.64007
0.61625 0.291121 0.909398 0.308925 2.65289
0.61875 0.290188 0.909344 0.308906 2.66126
0.62125 0.289599 0.909287 0.308886 2.6665
0.62375 0.289239 0.909228 0.308866 2.66964
0.62625 0.289024 0.909165 0.308844 2.67144
0.62875 0.288897 0.9091 0.308822 2.67242
0.63125 0.28882 0.909031 0.308798 2.67292
0.63375 0.288772 0.908958 0.308772 2.67315
0.63625 0.288739 0.908881 0.308746 2.67323
0.63875 0.288713 0.908799 0.308717 2.67323
0.64125 0.288689 0.908709 0.308686 2.67317
0.64375 0.288661 0.908592 0.308645 2.67308
0.64625 0.288595 0.908305 0.308545 2.67282
0.64875 0.28825 0.906834 0.308027 2.67153
0.65125 0.285957 0.897088 0.304606 2.66304
0.65375 0.272334 0.837723 0.284669 2.61323
0.65625 0.225524 0.618574 0.220492 2.44421
0.65875 0.164465 0.283652 0.145029 2.20456
0.66125 0.134892 0.0797925 0.111109 2.05923
0.66375 0.127094 0.0175407 0.102347 2.0132
0.66625 0.125426 0.00359673 0.100477 2.00272
0.66875 0.125086 0.000726258 0.100096 2.00055
0.67125 0.125017 0.000146128 0.100019 2.00011
0.67375 0.125003 2.93572e-05 0.100004 2.00002
0.67625 0.125001 5.88752e-06 0.100001 2
0.67875 0.125 1.1775e-06 0.1 2
0.68125 0.125 2.34507e-07 0.1 2
0.68375 0.125 4.64151e-08 0.1 2
0.68625 0.125 9.1075e-09 0.1 2
0.68875 0.125 1.76645e-09 0.1 2
0.69125 0.125 3.37539e-10 0.1 2
0.69375 0.125 6.33126e-11 0.1 2
0.69625 0.125 1.16129e-11 0.1 2
0.69875 0.125 2.07474e-12 0.1 2
0.70125 0.125 3.59649e-13 0.1 2
0.70375 0.125 6.02828e-14 0.1 2
0.70625 0.125 9.71986e-15 0.1 2
0.70875 0.125 1.4514e-15 0.1 2
0.71125 0.125 1.58104e-16 0.1 2
0.71375 0.125 4.18785e-18 0.1 2
0.71625 0.125 1.0893e-19 0.1 2
0.71875 0.125 1.1062e-21 0.1 2
0.72125 0.125 1.68858e-23 0.1 2
0.72375 0.125 3.1624e-25 0.1 2
0.72625 0.125 2.77227e-27 0.1 2
0.72875 0.125 2.43303e-29 0.1 2
0.73125 0.125 2.21033e-31 0.1 2
0.73375 0.125 2.0092e-33 0.1 2
0.73625 0.125 1.71454e-35 0.1 2
0.73875 0.125 1.45623e-37 0.1 2
0.74125 0.125 1.21233e-39 0.1 2
0.74375 0.125 9.60876e-42 0.1 2
0.74625 0.125 7.02736e-44 0.1 2
0.74875 0.125 4.32059e-46 0.1 2
0.75125 0.125 1.89587e-48 0.1 2
0.75375 0.125 3.37093e-51 0.1 2
0.75625 0.125 6.08652e-54 0.1 2
0.75875 0.125 9.02367e-57 0.1 2
0.76125 0.125 9.20552e-60 0.1 2
0.76375 0.125 0 0.1 2
0.76625 0.125 0 0.1 2
0.76875 0.125 0 0.1 2
0.77125 0.125 0 0.1 2
0.77375 0.125 0 0.1 2
0.77625 0.125 0 0.1 2
0.77875 0.125 0 0.1 2
0.78125 0.125 0 0.1 2
0.78375 0.125 0 0.1 2
0.78625 0.125 0 0.1 2
0.78875 0.125 0 0.1 2
0.79125 0.125 0 0.1 2
0.79375 0.125 0 0.1 2
0.79625 0.125 0 0.1 2
0.79875 0.125 0 0.1 2
0.80125 0.125 0 0.1 2
0.80375 0.125 0 0.1 2
0.80625 0.125 0 0.1 2
0.80875 0.125 0 0.1 2
0.81125 0.125 0 0.1 2
0.81375 0.125 0 0.1 2
0.81625 0.125 0 0.1 2
0.81875 0.125 0 0.1 2
0.82125 0.125 0 0.1 2
0.82375 0.125 0 0.1 2
0.82625 0.125 0 0.1 2
0.82875 0.125 0 0.1 2
0.83125 0.125 0 0.1 2
0.83375 0.125 0 0.1 2
0.83625 0.125 0 0.1 2
0.83875 0.125 0 0.1 2
0.84125 0.125 0 0.1 2
0.84375 0.125 0 0.1 2
0.84625 0.125 0 0.1 2
0.84875 0.125 0 0.1 2
0.85125 0.125 0 0.1 2
0.85375 0.125 0 0.1 2
0.85625 0.125 0 0.1 2
0.85875 0.125 0 0.1 2
0.86125 0.125 0 0.1 2
0.86375 0.125 0 0.1 2
0.86625 0.125 0 0.1 2
0.86875 0.125 0 0.1 2
0.87125 0.125 0 0.1 2
0.87375 0.125 0 0.1 2
0.87625 0.125 0 0.1 2
0.87875 0.125 0 0.1 2
0.88125 0.125 0 0.1 2
0.88375 0.125 0 0.1 2
0.88625 0.125 0 0.1 2
0.88875 0.125 0 0.1 2
0.89125 0.125 0 0.1 2
0.89375 0.125 0 0.1 2
0.89625 0.125 0 0.1 2
0.89875 0.125 0 0.1 2
0.90125 0.125 0 0.1 2
0.90375 0.125 0 0.1 2
0.90625 0.125 0 0.1 2
0.90875 0.125 0 0.1 2
0.91125 0.125 0 0.1 2
0.91375 0.125 0 0.1 2
0.91625 0.125 0 0.1 2
0.91875 0.125 0 0.1 2
0.92125 0.125 0 0.1 2
0.92375 0.125 0 0.1 2
0.92625 0.125 0 0.1 2
0.92875 0.125 0 0.1 2
0.93125 0.125 0 0.1 2
0.93375 0.125 0 0.1 2
0.93625 0.125 0 0.1 2
0.93875 0.125 0 0.1 2
0.94125 0.125 0 0.1 2
0.94375 0.125 0 0.1 2
0.94625 0.125 0 0.1 2
0.94875 0.125 0 0.1 2
0.95125 0.125 0 0.1 2
0.95375 0.125 0 0.1 2
0.95625 0.125 0 0.1 2
0.95875 0.125 0 0.1 2
0.96125 0.125 0 0.1 2
0.96375 0.125 0 0.1 2
0.96625 0.125 0 0.1 2
0.96875 0.125 0 0.1 2
0.97125 0.125 0 0.1 2
0.97375 0.125 0 0.1 2
0.97625 0.125 0 0.1 2
0.97875 0.125 0 0.1 2
0.98125 0.125 0 0.1 2
0.98375 0.125 0 0.1 2
0.98625 0.125 0 0.1 2
0.98875 0.125 0 0.1 2
0.99125 0.125 0 0.1 2
0.99375 0.125 0 0.1 2
0.99625 0.125 0 0.1 2
0.99875 0.125 0 0.1 2
